epoch:0 0.1529  0.2621  0.1641  0.0  0.0459  0.1642  0.2643  0.3163  0.3165  0.0  0.1296  0.3364  0.4094  0.005
epoch:1 0.1906  0.2939  0.2143  0.0  0.1057  0.2009  0.3287  0.3789  0.3796  0.0  0.278  0.3896  0.2291  0.005
epoch:2 0.2059  0.3132  0.2277  0.0  0.1142  0.2148  0.3368  0.3831  0.3834  0.0  0.2278  0.3999  0.19  0.005
epoch:3 0.2103  0.311  0.2367  0.0  0.074  0.2228  0.3552  0.3936  0.3936  0.0  0.1806  0.4125  0.1505  0.00165
epoch:4 0.1963  0.2837  0.2199  0.0  0.0793  0.2072  0.3429  0.386  0.386  0.0  0.2265  0.4026  0.1382  0.00165
epoch:5 0.2218  0.3196  0.2502  0.0  0.1269  0.2256  0.3581  0.4081  0.4084  0.0  0.195  0.418  0.1289  0.00165
epoch:6 0.2291  0.325  0.2553  0.0  0.0738  0.2436  0.3694  0.416  0.416  0.0  0.1823  0.4375  0.1182  0.000545
epoch:7 0.199  0.2895  0.22  0.0  0.0833  0.2093  0.3526  0.3894  0.3895  0.0  0.2387  0.4029  0.1142  0.000545
epoch:8 0.1929  0.277  0.2113  0.0  0.0787  0.2035  0.3506  0.3862  0.3862  0.0  0.1958  0.4033  0.1114  0.000545
epoch:9 0.2359  0.3327  0.2615  0.0  0.1046  0.2533  0.3842  0.4297  0.4297  0.0  0.2178  0.4495  0.1076  0.00018
epoch:10 0.2025  0.2878  0.2251  0.0  0.0513  0.2143  0.3457  0.3921  0.3921  0.0  0.1265  0.411  0.107  0.00018
epoch:11 0.2193  0.3082  0.2476  0.0  0.1261  0.229  0.3636  0.4097  0.4097  0.0  0.2183  0.426  0.1052  0.00018
epoch:12 0.2245  0.3148  0.2516  0.0  0.0998  0.2343  0.3673  0.4098  0.4098  0.0  0.211  0.4234  0.1038  5.9e-05
epoch:13 0.2275  0.3143  0.2547  0.0  0.0621  0.2392  0.3704  0.4126  0.4126  0.0  0.1372  0.4284  0.1047  5.9e-05
epoch:14 0.2177  0.311  0.2455  0.0  0.0869  0.2284  0.3678  0.413  0.413  0.0  0.249  0.4309  0.1043  5.9e-05
epoch:15 0.2196  0.3138  0.2476  0.0  0.1222  0.2346  0.3755  0.4208  0.4209  0.0  0.282  0.4366  0.1041  2e-05
epoch:16 0.213  0.3004  0.2379  0.0  0.0719  0.2234  0.3607  0.4017  0.4017  0.0  0.2193  0.414  0.1034  2e-05
epoch:17 0.2166  0.301  0.247  0.0  0.1047  0.2206  0.3613  0.4049  0.4049  0.0  0.1942  0.4128  0.1029  2e-05
epoch:18 0.2439  0.3501  0.2702  0.0  0.103  0.2598  0.3801  0.4279  0.4279  0.0  0.1883  0.4456  0.1029  6e-06
epoch:19 0.2274  0.32  0.2561  0.0  0.1076  0.2393  0.37  0.4161  0.4161  0.0  0.2579  0.4311  0.1032  6e-06
